# Image list with two lines of data per image:
1 0.9403197901936362 0.21311014581117926 -0.2587121389479977 -0.058743371706271384 3.6579887982729313 2.939753476959861 -1.4258328332907433 1 0000.png

2 0.9403197901936362 0.21311014581117926 -0.2587121389479977 -0.058743371706271384 3.6579887982729313 2.939753476959861 -1.4258328332907433 1 0001.png

3 0.9403197901936362 0.21311014581117926 -0.2587121389479977 -0.058743371706271384 3.6579887982729313 2.939753476959861 -1.4258328332907433 1 0002.png

4 0.9403197901936362 0.21311014581117926 -0.2587121389479977 -0.058743371706271384 3.6579887982729313 2.939753476959861 -1.4258328332907433 1 0003.png

5 0.9403197901936362 0.21311014581117926 -0.2587121389479977 -0.058743371706271384 3.6579887982729313 2.939753476959861 -1.4258328332907433 1 0004.png

6 0.9403197901936362 0.21311014581117926 -0.2587121389479977 -0.058743371706271384 3.700620949042877 2.970619389748399 -1.490442008157447 1 0005.png

7 0.9403197901936362 0.21311014581117926 -0.2587121389479977 -0.058743371706271384 3.828517401352714 3.0632171281140135 -1.6842695327575576 1 0006.png

8 0.9403197901936362 0.21311014581117926 -0.2587121389479977 -0.058743371706271384 3.956413853662551 3.155814866479628 -1.8780970573576687 1 0007.png

9 0.9403197901936362 0.21311014581117926 -0.2587121389479977 -0.058743371706271384 3.970624570585866 3.166103504075807 -1.8996334489799032 1 0008.png

10 0.9403197901936362 0.21311014581117926 -0.2587121389479977 -0.058743371706271384 3.828517401352714 3.0632171281140135 -1.6842695327575576 1 0009.png

11 0.9403197901936362 0.21311014581117926 -0.2587121389479977 -0.058743371706271384 3.700620949042877 2.970619389748399 -1.490442008157447 1 0010.png

12 0.9403197901936362 0.21311014581117926 -0.2587121389479977 -0.058743371706271384 3.5727244967330396 2.878021651382785 -1.2966144835573359 1 0011.png

13 0.9403197901936362 0.21311014581117926 -0.2587121389479977 -0.058743371706271384 3.4448280444232027 2.785423913017171 -1.1027869589572248 1 0012.png

14 0.9403197901936362 0.21311014581117926 -0.2587121389479977 -0.058743371706271384 3.3169315921133657 2.6928261746515565 -0.908959434357114 1 0013.png

15 0.9403197901936362 0.21311014581117926 -0.2587121389479977 -0.058743371706271384 3.189035139803529 2.600228436285942 -0.7151319097570029 1 0014.png

16 0.9403197901936362 0.21311014581117926 -0.2587121389479977 -0.058743371706271384 3.0469279705703762 2.4973420603241485 -0.4997679935346574 1 0015.png

17 0.9403197901936362 0.21311014581117926 -0.2587121389479977 -0.058743371706271384 2.9190315182605393 2.4047443219585345 -0.3059404689345463 1 0016.png

18 0.9403197901936362 0.21311014581117926 -0.2587121389479977 -0.058743371706271384 2.7911350659507024 2.31214658359292 -0.11211294433443542 1 0017.png

19 0.9403197901936362 0.21311014581117926 -0.2587121389479977 -0.058743371706271384 2.663238613640865 2.219548845227306 0.08171458026567557 1 0018.png

20 0.9403197901936362 0.21311014581117926 -0.2587121389479977 -0.058743371706271384 2.535342161331028 2.1269511068616915 0.27554210486578645 1 0019.png

21 0.9403197901936362 0.21311014581117926 -0.2587121389479977 -0.058743371706271384 2.393234992097876 2.024064730899898 0.490906021088132 1 0020.png

22 0.9403197901936362 0.21311014581117926 -0.2587121389479977 -0.058743371706271384 2.265338539788039 1.9314669925342838 0.6847335456882431 1 0021.png

23 0.9403197901936362 0.21311014581117926 -0.2587121389479977 -0.058743371706271384 2.1374420874782016 1.8388692541686695 0.8785610702883541 1 0022.png

24 0.9403197901936362 0.21311014581117926 -0.2587121389479977 -0.058743371706271384 2.0095456351683647 1.7462715158030555 1.0723885948884648 1 0023.png

25 0.9403197901936362 0.21311014581117926 -0.2587121389479977 -0.058743371706271384 1.881650158623577 1.6536744838967299 1.2662146407132018 1 0024.png

26 0.9403197901936362 0.21311014581117926 -0.2587121389479977 -0.058743371706271384 1.739544615665507 1.5507892853670844 1.4815760923099242 1 0025.png

27 0.9403197901936362 0.21311014581117926 -0.2587121389479977 -0.058743371706271384 1.6116496270032439 1.4581926066904034 1.675401398746974 1 0026.png

28 0.9403197901936362 0.21311014581117926 -0.2587121389479977 -0.058743371706271384 1.483754638340981 1.3655959280137224 1.869226705184024 1 0027.png

29 0.9403197901936362 0.21311014581117926 -0.2587121389479977 -0.058743371706271384 1.3558596496787179 1.2729992493370414 2.0630520116210738 1 0028.png

30 0.9403197901936362 0.21311014581117926 -0.2587121389479977 -0.058743371706271384 1.2279646610164547 1.1804025706603607 2.2568773180581236 1 0029.png

31 0.9403197901936362 0.21311014581117926 -0.2587121389479977 -0.058743371706271384 1.0858591180583848 1.077517372130715 2.472238769654846 1 0030.png

32 0.9403197901936362 0.21311014581117926 -0.2587121389479977 -0.058743371706271384 0.9579641293961216 0.984920693454034 2.666064076091896 1 0031.png

33 0.9403197901936362 0.21311014581117926 -0.2587121389479977 -0.058743371706271384 0.8300691407338586 0.892324014777353 2.8598893825289458 1 0032.png

34 0.9403197901936362 0.21311014581117926 -0.2587121389479977 -0.058743371706271384 0.7021741520715956 0.799727336100672 3.053714688965996 1 0033.png

35 0.9403197901936362 0.21311014581117926 -0.2587121389479977 -0.058743371706271384 0.5742790007818244 0.7071305396807763 3.2475402418656083 1 0034.png

36 0.9403197901936362 0.21311014581117926 -0.2587121389479977 -0.058743371706271384 0.43217264468621325 0.6042447524350567 3.462902925775142 1 0035.png

37 0.9403197901936362 0.21311014581117926 -0.2587121389479977 -0.058743371706271384 0.30427692420016317 0.5116475439139092 3.656729341293722 1 0036.png

38 0.9403197901936362 0.21311014581117926 -0.2587121389479977 -0.058743371706271384 0.17638120371411312 0.4190503353927615 3.8505557568123026 1 0037.png

39 0.9403197901936362 0.21311014581117926 -0.2587121389479977 -0.058743371706271384 0.04848548322806306 0.326453126871614 4.044382172330883 1 0038.png

40 0.9403197901936362 0.21311014581117926 -0.2587121389479977 -0.058743371706271384 -0.07941023725798699 0.23385591835046626 4.2382085878494635 1 0039.png

41 0.9403197901936362 0.21311014581117926 -0.2587121389479977 -0.058743371706271384 -0.22151618678482768 0.1309704254627837 4.453570655602592 1 0040.png

42 0.9403197901936362 0.21311014581117926 -0.2587121389479977 -0.058743371706271384 -0.34941158201586137 0.03837345242806567 4.647396578196047 1 0041.png

43 0.9403197901936362 0.21311014581117926 -0.2587121389479977 -0.058743371706271384 -0.47730705856064887 -0.05422357947825951 4.841222624020784 1 0042.png

44 0.9403197901936362 0.21311014581117926 -0.2587121389479977 -0.058743371706271384 -0.6052025351054366 -0.1468206113845849 5.035048669845521 1 0043.png

45 0.9403197901936362 0.21311014581117926 -0.2587121389479977 -0.058743371706271384 -0.7330980116502244 -0.23941764329091053 5.228874715670258 1 0044.png

46 0.9403197901936362 0.21311014581117926 -0.2587121389479977 -0.058743371706271384 -0.8752040424908191 -0.34230319505020046 5.444236906654667 1 0045.png

47 0.9403197901936362 0.21311014581117926 -0.2587121389479977 -0.058743371706271384 -1.003099519035607 -0.43490022695652564 5.638062952479404 1 0046.png

48 0.9403197901936362 0.21311014581117926 -0.2587121389479977 -0.058743371706271384 -1.1309951582079032 -0.527497376606066 5.831889244766704 1 0047.png

49 0.9403197901936362 0.21311014581117926 -0.2587121389479977 -0.058743371706271384 -1.2588904721251823 -0.6200942907691764 6.025715044128878 1 0048.png

50 0.9403197901936362 0.21311014581117926 -0.2587121389479977 -0.058743371706271384 -1.386785786042462 -0.7126912049322873 6.219540843491053 1 0049.png

51 0.9403197901936362 0.21311014581117926 -0.2587121389479977 -0.058743371706271384 -1.5288919795105649 -0.815576874434792 6.434903280938024 1 0050.png

52 0.9403197901936362 0.21311014581117926 -0.2587121389479977 -0.058743371706271384 -1.656787781310369 -0.9081741418275471 6.628729819687886 1 0051.png

53 0.9403197901936362 0.21311014581117926 -0.2587121389479977 -0.058743371706271384 -1.7846835831101735 -1.0007714092203022 6.8225563584377475 1 0052.png

54 0.9439830131532737 0.2139419776167483 -0.2450088723206139 -0.055637710105566035 -1.8173640517672383 -1.1082406727190097 7.0474573211694835 1 0053.png

55 0.966043932151322 0.21895450738381786 -0.13376249608014223 -0.03042436258314099 -1.1297164100533186 -1.2812751492044705 7.409212891746782 1 0054.png

56 0.966043932151322 0.21895450738381786 -0.13376249608014223 -0.03042436258314099 -1.2717982799961582 -1.3841638543177748 7.624581667908093 1 0055.png

57 0.966043932151322 0.21895450738381786 -0.13376249608014223 -0.03042436258314099 -1.3996719629447139 -1.4767636889197489 7.818413566453274 1 0056.png

58 0.966043932151322 0.21895450738381786 -0.13376249608014223 -0.03042436258314099 -1.52754564589327 -1.5693635235217234 8.012245464998456 1 0057.png

59 0.9695256894284768 0.21974679811351921 -0.10560876839345058 -0.024043259892073565 -1.3885000792474493 -1.6829488998229085 8.249861609107272 1 0058.png

60 0.9752305364993509 0.22105217843772762 0.007660344542388295 0.0016303472857978672 -0.4050832652391421 -1.7979032669027994 8.489939642003037 1 0059.png

61 0.9752305364993509 0.22105217843772762 0.007660344542388295 0.0016303472857978672 -0.5471856949316822 -1.900789231950904 8.705302682563365 1 0060.png

62 0.9752305364993509 0.22105217843772762 0.007660344542388295 0.0016303472857978672 -0.6750778816549682 -1.9933866004941974 8.89912941906766 1 0061.png

63 0.9752305364993509 0.22105217843772762 0.007660344542388295 0.0016303472857978672 -0.8029700683782541 -2.085983969037491 9.092956155571956 1 0062.png

64 0.9731351884302608 0.22058340425565395 0.06435202356369984 0.014480632460611062 -0.26339362391192644 -2.1734821145306045 9.275792126077478 1 0063.png

65 0.9658874158728334 0.21894826115688337 0.1348880181608041 0.03046951294596789 0.44987544638041316 -2.2163634206338028 9.365181313410382 1 0064.png

66 0.9658874158728334 0.21894826115688337 0.1348880181608041 0.03046951294596789 0.30779065724045795 -2.319246832311335 9.58053898968398 1 0065.png

67 0.9658874158728334 0.21894826115688337 0.1348880181608041 0.03046951294596789 0.1799144340899763 -2.411842034663027 9.774361174175356 1 0066.png

68 0.9658874158728334 0.21894826115688337 0.1348880181608041 0.03046951294596789 0.05203803678853812 -2.504436973330894 9.968182806976454 1 0067.png

69 0.9658874158728334 0.21894826115688337 0.1348880181608041 0.03046951294596789 -0.07583870881481371 -2.5970313846311077 10.162003336396989 1 0068.png

70 0.9400177079486196 0.21309804740617636 0.2598075845270176 0.058787311873737466 1.5534723286480319 -2.53013186235376 10.02123134786192 1 0069.png

71 0.9320636128809077 0.21129811267040627 0.2870378162715554 0.06496033671067449 1.7926612493473029 -2.572787310183807 10.11037484259693 1 0070.png

72 0.9320636128809077 0.21129811267040627 0.2870378162715554 0.06496033671067449 1.6647509386914414 -2.665387279694366 10.304207018539618 1 0071.png

73 0.9320636128809077 0.21129811267040627 0.2870378162715554 0.06496033671067449 1.5368406280355802 -2.7579872492049247 10.498039194482308 1 0072.png

74 0.9277903796748851 0.21033098201801387 0.3005633027982477 0.06802657857323637 1.6212322203549483 -2.8230845809980103 10.634218843288561 1 0073.png

75 0.8806216185345289 0.1996522545040308 0.4190928621587116 0.09489826891143086 3.3282256224532554 -2.5591157584692965 10.081032755579237 1 0074.png

76 0.8260134529943722 0.18728530245059655 0.5184930518153699 0.11743483590895158 4.6526513852886335 -2.1815288433182065 9.290273136755319 1 0075.png

77 0.8260134529943722 0.18728530245059655 0.5184930518153699 0.11743483590895158 4.6526513852886335 -2.1815288433182065 9.290273136755319 1 0076.png

78 0.8260134529943722 0.18728530245059655 0.5184930518153699 0.11743483590895158 4.6526513852886335 -2.1815288433182065 9.290273136755319 1 0077.png

79 0.8260134529943722 0.18728530245059655 0.5184930518153699 0.11743483590895158 4.6526513852886335 -2.1815288433182065 9.290273136755319 1 0078.png

80 0.8260134529943722 0.18728530245059655 0.5184930518153699 0.11743483590895158 4.6526513852886335 -2.1815288433182065 9.290273136755319 1 0079.png

81 0.8260134529943722 0.18728530245059655 0.5184930518153699 0.11743483590895158 4.6526513852886335 -2.1815288433182065 9.290273136755319 1 0080.png

